reverse_array: false
angle_min: -0.658861792628
angle_max:  0.706858347058
